13
UDYAMBAG 4 0
ANGOL 3 1
RPD 4 2
STATION 5 3
SHAHPUR 2 4
CAMP 4 5
BOGARVES 8 6
COLLEGEROAD 9 7
JNMC 4 8
RTO 5 9
CBT 6 10
FORT 2 11
SAMBRA 1 12
0 1 3 4 0 0 0 0 0 0 0 0 0 
1 0 2 0 0 0 0 0 0 0 0 0 0 
3 2 0 6 6 0 0 0 0 0 0 0 0 
4 0 6 0 0 4 0 0 0 0 0 0 0 
0 0 6 0 0 0 0 0 0 0 0 0 0 
0 0 0 4 0 0 4 0 0 0 0 0 0 
0 0 0 0 0 4 0 5 0 0 0 0 0 
0 0 0 0 0 0 5 0 6 3 0 0 0 
0 0 0 0 0 0 0 6 0 4 0 0 0 
0 0 0 0 0 0 0 3 4 0 5 3 0 
0 0 0 0 0 0 0 0 0 5 0 0 0 
0 0 0 0 0 0 0 0 0 3 0 0 4 
0 0 0 0 0 0 0 0 0 0 0 4 0 
